# Calbration constants for [f1, f2, f3, preshape]
encoder_zero_reference: [0.986794, 3.32511, 4.67126]
motor_zero_reference: [62.2949, 59.1311, 58.137, 54.8563]
